# M2(MJ) R2(RJ) P(days) e M1(Msun) R1(Rsun) Teff(K) [Fe/H]
HATS-70b           12.9  1.8  1.6 1.38 0.08 0.07   1.89  0.     0.18  0.    1.78 0.12 0.12 1.88 0.06 0.07 7930 630 820 0.04 0.10 0.11
# TOI-1278b          18.5  0.5  0.5 1.09 0.24 0.20  14.48  0.013  0.004 0.004 0.54 0.02 0.02 0.57 0.01 0.01 3799  42  42 0.01 0.28 0.28
GPX-1b             19.7  1.6  1.6 1.47 0.10 0.10   1.74  0.000  0.000 0.000 1.68 0.10 0.10 1.56 0.10 0.10 7000 200 200 0.35 0.10 0.10
Kepler-39b         20.1  1.3  1.2 1.24 0.09 0.10  21.09  0.112  0.057 0.057 1.29 0.06 0.07 1.40 0.10 0.10 6350 100 100 -0.10 0.14 0.14
CoRoT-3b           21.7  1.0  1.0 1.01 0.07 0.07   4.26  0.     -999  -999  1.37 0.09 0.09 1.56 0.09 0.09 6740 140 140 0.02 0.06 0.06
KELT-1b            27.4  0.9  0.9 1.12 0.04 0.03   1.22  0.010  0.010 0.007 1.33 0.06 0.06 1.47 0.04 0.04 6516  49  49 0.05 0.08 0.08
NLTT-41135b        33.7  2.8  2.6 1.13 0.27 0.17   2.89  0.0    0.02  0.    0.19 0.03 0.02 0.21 0.02 0.01 3230 130 130 -0.25 0.25 0.25
WASP-128b          37.2  0.8  0.8 0.94 0.02 0.02   2.21  0.     0.007 0.    1.16 0.04 0.04 1.15 0.02 0.02 5950  50  50 0.01 0.12 0.12
CWW-89Ab           39.2  0.9  1.1 0.94 0.02 0.02   5.29  0.189  0.002 0.002 1.10 0.04 0.04 1.03 0.02 0.02 5755  49  49 0.20 0.09 0.09
KOI-205b           39.9  1.0  1.0 0.81 0.02 0.02  11.72  0.     0.031 0.    0.93 0.03 0.03 0.84 0.02 0.02 5237  60  60 0.14 0.12 0.12
TOI-1406b          46.0  2.6  2.7 0.86 0.03 0.03  10.57  0.026  0.013 0.010 1.18 0.08 0.09 1.35 0.03 0.03 6290 100 100 -0.08 0.09 0.09
EPIC-212036875b    52.3  1.9  1.9 0.87 0.02 0.02   5.17  0.132  0.004 0.004 1.29 0.07 0.06 1.50 0.03 0.03 6238  59  60 0.01 0.10 0.10
TOI-503b           53.7  1.2  1.2 1.34 0.26 0.15   3.68  0.     -999  -999  1.80 0.06 0.06 1.70 0.05 0.04 7650 140 160 0.30 0.08 0.09
TOI-852b           53.7  1.4  1.3 0.83 0.04 0.04   4.95  0.004  0.004 0.003 1.32 0.05 0.04 1.71 0.04 0.04 5768  84  81 0.33 0.09 0.09
AD-3116b           54.2  4.3  4.3 1.02 0.28 0.28   1.98  0.146  0.024 0.024 0.28 0.02 0.02 0.29 0.08 0.08 3184  29  29 0.16 0.10 0.10
CoRoT-33b          59.0  1.8  1.7 1.10 0.53 0.53   5.82  0.070  0.002 0.002 0.86 0.04 0.04 0.94 0.14 0.08 5225  80  80 0.44 0.10 0.10
RIK-72b            59.2  6.8  6.7 3.10 0.31 0.31  97.76  0.108  0.012 0.006 0.44 0.04 0.04 0.96 0.10 0.10 3349 142 142 0.00 0.10 0.10
TOI-811b           59.9 13.0  8.6 1.26 0.06 0.06  25.17  0.509  0.075 0.075 1.32 0.05 0.07 1.27 0.06 0.09 6107  77  77 0.40 0.07 0.09
TOI-263b           61.6  4.0  4.0 0.91 0.07 0.07   0.56  0.017  0.009 0.010 0.44 0.04 0.04 0.44 0.03 0.03 3471  33  33 0.00 0.10 0.10
KOI-415b           62.1  2.7  2.7 0.79 0.12 0.07 166.79  0.689  0.000 0.000 0.94 0.06 0.06 1.25 0.15 0.10 5810  80  80 -0.24 0.11 0.11
WASP-30b           62.5  1.2  1.2 0.95 0.03 0.02   4.16  0.     -999  -999  1.25 0.03 0.04 1.39 0.03 0.03 6202  42  51 0.08 0.07 0.05
LHS-6343c          62.7  2.4  2.4 0.83 0.02 0.02  12.71  0.056  0.032 0.032 0.37 0.01 0.01 0.38 0.01 0.01 3130  20  20 0.04 0.08 0.08
CoRoT-15b          63.3  4.1  4.1 1.12 0.30 0.15   3.06  0.     -999  -999  1.32 0.12 0.12 1.46 0.31 0.14 6350 200 200 0.10 0.20 0.20
TOI-569b           64.1  1.9  1.4 0.75 0.02 0.02   6.56  0.002  0.002 0.001 1.21 0.05 0.05 1.48 0.03 0.03 5768 110  92 0.29 0.09 0.08
EPIC-201702477b    66.9  1.7  1.7 0.76 0.07 0.07  40.74  0.228  0.003 0.003 0.87 0.03 0.03 0.90 0.06 0.06 5517  70  70 -0.16 0.05 0.05
LP261-75b          68.1  2.1  2.1 0.90 0.01 0.01   1.88  0.     0.007 0.    0.30 0.01 0.01 0.31 0.00 0.00 3100  50  50 -999 -999 -999
NGTS-7Ab           75.5  3.0 13.7 1.38 0.13 0.14   0.68  0.     -999  -999  0.24 0.03 0.03 0.61 0.06 0.06 3359 106  89 0.00 0.10 0.10
KOI-189b           78.6  3.5  3.5 1.00 0.02 0.02  30.36  0.275  0.004 0.004 0.76 0.05 0.05 0.73 0.02 0.02 4952  40  40 -0.12 0.10 0.10
TOI-148b           77.1  5.8  4.6 0.81 0.05 0.06   4.87  0.005  0.006 0.004 0.97 0.12 0.09 1.20 0.07 0.07 5990 140 140 -0.24 0.25 0.25
TOI-587b           81.1  7.1  7.0 1.32 0.07 0.06   8.04  0.051  0.049 0.036 2.33 0.12 0.12 2.01 0.09 0.09 9800 200 200 0.08 0.11 0.12
TOI-746b           82.2  4.9  4.4 0.95 0.09 0.06  10.98  0.199  0.003 0.003 0.94 0.09 0.08 0.97 0.04 0.03 5690 140 140 -0.02 0.23 0.23
EBLM-J0555-57Ab    87.9  4.0  4.0 0.82 0.13 0.06   7.76  0.089  0.004 0.004 1.18 0.08 0.08 1.00 0.14 0.07 6386 124 124 -0.04 0.14 0.14
TOI-681b           88.7  2.5  2.3 1.52 0.25 0.15  15.78  0.093  0.022 0.019 1.54 0.06 0.05 1.47 0.04 0.04 7440 150 140 -0.08 0.05 0.05
OGLE-TR-123b       89.0 11.5 11.5 1.29 0.09 0.09   1.80  0.     -999  -999  1.29 0.26 0.26 1.55 0.10 0.10 6700 300 300 -999 -999 -999
TOI-694b           89.0  5.3  5.3 1.11 0.02 0.02  48.05  0.521  0.002 0.002 0.97 0.05 0.04 1.00 0.01 0.01 5496  87  81 0.21 0.08 0.08
KOI-607b           95.1  3.3  3.4 1.09 0.09 0.06   5.89  0.395  0.009 0.009 0.99 0.05 0.05 0.92 0.03 0.03 5418  87  85 0.38 0.07 0.09
J1219-39b          95.4  1.9  2.5 1.14 0.07 0.05   6.76  0.055  0.000 0.000 0.83 0.03 0.03 0.81 0.04 0.02 5412  81  65 -0.21 0.07 0.07
OGLE-TR-122b       96.3  9.4  9.4 1.17 0.20 0.13   7.27  0.205  0.008 0.008 0.98 0.14 0.14 1.05 0.20 0.09 5700 300 300 0.15 0.36 0.36
# TOI-1213b          97.5  4.4  4.2 1.66 0.78 0.55  27.22  0.498  0.003 0.002 0.99 0.07 0.06 0.99 0.04 0.04 5590 150 150 0.25 0.13 0.14
TOI-1213b          96.1  4.6  3.7 1.54 0.99 0.59  27.21  0.499  0.003 0.003 0.97 0.07 0.06 1.02 0.04 0.05 5550 150 150 0.25 0.14 0.15
K2-76b             98.7  2.0  2.0 0.89 0.03 0.05  11.99  0.255  0.007 0.006 0.96 0.03 0.03 1.17 0.03 0.06 5747  64  70 0.01 0.04 0.04
CoRoT-101186644   100.5 11.5 11.5 1.01 0.06 0.25  20.68  0.402  0.006 0.006 1.20 0.20 0.20 1.07 0.07 0.07 6090 200 200 0.20 0.20 0.20
J2343+29Ab        102.7  7.3  7.3 1.24 0.07 0.07  16.95  0.161  0.002 0.003 0.86 0.10 0.10 0.85 0.05 0.06 5150  90  60 0.10 0.14 0.14
EBLM-J0954-23Ab   102.8  6.0  5.9 0.98 0.17 0.17   7.58  0.042  0.001 0.001 1.17 0.08 0.08 1.23 0.17 0.17 6406 124 124 -0.01 0.14 0.14
KOI-686b          103.4  5.1  5.1 1.22 0.04 0.04  52.51  0.556  0.004 0.004 0.98 0.07 0.07 1.04 0.03 0.03 5834 100 100 -0.06 0.13 0.13
TIC-220568520b    107.2  5.2  5.2 1.25 0.02 0.02  18.56  0.096  0.003 0.003 1.03 0.04 0.04 1.01 0.01 0.01 5589  81  81 0.26 0.07 0.07
HATS550-016B      114.7  5.2  6.3 1.46 0.03 0.04   2.05  0.080  0.020 0.020 0.97 0.05 0.06 1.22 0.02 0.03 6420  90  90 -0.60 0.06 0.06
OGLE-TR-106b      121.5 22.0 22.0 1.76 0.17 0.17   2.54  0.000  0.020 0.020 -999 -999 -999 1.31 0.09 0.09 -999 -999 -999 -999 -999 -999
EBLM-J1431-11Ab   126.9  3.8  3.9 1.45 0.07 0.05   4.45  0.     -999  -999  1.20 0.06 0.06 1.11 0.04 0.03 6161 124 124 0.15 0.14 0.14
HAT-TR-205-013B   129.9 10.5 10.5 1.62 0.06 0.06   2.23  0.012  0.021 0.021 1.04 0.13 0.13 1.28 0.04 0.04 6295 245 335 -999 -999 -999
TIC-231005575b    134.1  3.1  3.1 1.50 0.03 0.03  61.78  0.298  0.004 0.001 1.04 0.04 0.04 0.99 0.05 0.05 5500  85  85 -0.44 0.06 0.06
HATS551-021B      138.2 14.7  5.2 1.53 0.06 0.08   3.64  0.060  0.020 0.020 1.10 0.10 0.10 1.20 0.08 0.01 6670 220 220 -0.40 0.10 0.10
EBLM-J2017+02Ab   142.2  6.6  6.7 1.49 0.13 0.10   0.82  0.     -999  -999  1.10 0.07 0.07 1.20 0.08 0.05 6161 124 124 -0.07 0.14 0.14
KIC-1571511B      148.1  0.5  0.5 1.74 0.00 0.01  14.02  0.327  0.003 0.003 1.26 0.04 0.03 1.34 0.01 0.01 6195  50  50 0.37 0.08 0.08
WTS-19g-4-02069B  149.8  6.3  6.3 1.69 0.06 0.03   2.44  0.     -999  -999  0.53 0.02 0.02 0.51 0.01 0.01 3300 140 140 -999 -999 -999


TOI-629b          66.98  2.96 2.95 1.11 0.05 0.05  8.72  0.298  0.008 0.008 2.16 0.13 0.13 2.37 0.11 0.11 9100 200 200 0.10 0.15 0.15
TOI-1982b         65.85  2.75 2.72 1.08 0.04 0.04 17.17  0.272  0.014 0.014 1.41 0.08 0.08 1.51 0.05 0.05 6325 110 110 -0.1 0.09 0.09
TOI-2543b         67.62  3.45 3.45 0.95 0.09 0.09  7.54  0.009  0.003 0.002 1.29 0.08 0.08 1.86 0.15 0.15 6060  82  82 -0.28 0.1 0.1
TOI-2119b         67.0   2.0  2.0  1.11 0.03 0.03  7.20 0.3362 0.0005 0.0005 0.53 0.02 0.02 0.51 0.01 0.01 3553 67 67  0.1 0.1 0.1
TOI–1278b         18.5   0.5  0.5  1.09 0.24 0.20 14.48  0.013  0.004 0.004 0.54 0.02 0.02 0.57 0.01 0.01 3799  42  42 -0.01 0.28 0.28
NGTS-19b          69.5   5.7  5.4  1.03 0.06 0.05 17.84 0.3767 0.0061 0.0061 0.807 0.038 0.043 0.896 0.40 0.35 4716 39 28 0.11 0.074 0.07
TIC-320687387B    96.2   1.9  2.0  1.14 0.02 0.02 29.77  0.366  0.003 0.003 1.08 0.034 0.034 1.158 0.016 0.016 5780 80 80 0.3 0.08 0.08
