!  t (Gyr) =   0.1000
!-----------------------------------------------------------------------------------------------
! M/Ms  Teff     L/Ls   g    R/Rs   Li/Li0    Mj     Mh     Mk
!-----------------------------------------------------------------------------------------------
 0.030  1912.   -3.74  4.73  0.124   
 0.040  2311.   -3.36  4.81  0.130   
 0.050  2525.   -3.15  4.85  0.139   
 0.060  2670.   -3.00  4.88  0.148   
 0.070  2794.   -2.87  4.89  0.158   
 0.072  2813.   -2.84  4.89  0.160   
 0.075  2839.   -2.81  4.89  0.162   
 0.080  2879.   -2.76  4.89  0.167   
 0.090  2942.   -2.68  4.90  0.176   
 0.100  2993.   -2.61  4.90  0.185   
 0.110  3038.   -2.54  4.91  0.194   
 0.130  3112.   -2.43  4.90  0.211   
 0.150  3167.   -2.33  4.90  0.227   
 0.170  3214.   -2.25  4.90  0.243   
 0.200  3272.   -2.14  4.89  0.265   
 0.300  3409.   -1.87  4.87  0.333   
 0.400  3529.   -1.65  4.84  0.399   
 0.500  3705.   -1.41  4.77  0.480   
 0.600  4100.   -1.09  4.71  0.564   
 0.700  4402.   -0.88  4.69  0.624   
 0.800  4826.   -0.61  4.64  0.707   
 0.900  5209.   -0.37  4.58  0.801   
 1.000  5541.   -0.16  4.53  0.903   
 1.100  5886.    0.05  4.46  1.020   
 1.200  6170.    0.24  4.39  1.153   
 1.300  6453.    0.41  4.33  1.284   
 1.400  6766.    0.56  4.30  1.393 
!----------------------------------------------------------------------------------------------- 
