!  t (Gyr) =   0.5000
!-----------------------------------------------------------------------------------------------
! M/Ms  Teff     L/Ls   g    R/Rs   Li/Li0    Mj     Mh     Mk
!-----------------------------------------------------------------------------------------------
 0.050  1698.   -4.12  5.13  0.101   
 0.060  2082.   -3.76  5.20  0.102   
 0.070  2335.   -3.53  5.24  0.105   
 0.072  2378.   -3.49  5.25  0.106   
 0.075  2435.   -3.44  5.25  0.107   
 0.080  2539.   -3.34  5.25  0.111   
 0.090  2696.   -3.18  5.25  0.118   
 0.100  2828.   -3.03  5.23  0.127   
 0.110  2921.   -2.91  5.21  0.137   
 0.130  3046.   -2.72  5.16  0.156   
 0.150  3130.   -2.58  5.13  0.175   
 0.170  3191.   -2.46  5.10  0.192   
 0.200  3260.   -2.32  5.07  0.217   
 0.300  3415.   -1.99  4.99  0.290   
 0.400  3524.   -1.73  4.91  0.367   
 0.500  3682.   -1.46  4.82  0.457   
 0.600  3968.   -1.17  4.73  0.552   
 0.700  4386.   -0.87  4.68  0.634   
 0.800  4821.   -0.60  4.63  0.715   
 0.900  5211.   -0.36  4.57  0.810   
 1.000  5576.   -0.14  4.52  0.913   
 1.100  5904.    0.07  4.45  1.035   
 1.200  6182.    0.26  4.38  1.176   
 1.300  6451.    0.43  4.31  1.316   
 1.400  6742.    0.59  4.26  1.444   
!-----------------------------------------------------------------------------------------------
