!  t (Gyr) =  10.0000
!-----------------------------------------------------------------------------------------------
! M/Ms  Teff     L/Ls   g    R/Rs   Li/Li0    Mj     Mh     Mk
!-----------------------------------------------------------------------------------------------
 0.070  1626.   -4.30  5.38  0.090 
 0.072  1790.   -4.12  5.38  0.091 
 0.075  2037.   -3.89  5.39  0.091 
 0.080  2345.   -3.58  5.35  0.099
 0.090  2646.   -3.25  5.29  0.113  
 0.100  2812.   -3.06  5.25  0.124  
 0.110  2917.   -2.92  5.22  0.135  
 0.130  3048.   -2.73  5.17  0.156  
 0.150  3133.   -2.58  5.13  0.175  
 0.170  3194.   -2.46  5.10  0.193  
 0.200  3265.   -2.31  5.05  0.220  
 0.300  3416.   -1.95  4.95  0.304  
 0.400  3524.   -1.70  4.88  0.380  
 0.500  3689.   -1.43  4.79  0.471  
 0.600  4013.   -1.12  4.71  0.569  
 0.700  4493.   -0.79  4.64  0.662  
 0.800  5002.   -0.47  4.56  0.776  
 0.900  5495.   -0.12  4.42  0.964  
!-----------------------------------------------------------------------------------------------
