!  t (Gyr) =   1.0000
!-----------------------------------------------------------------------------------------------
! M/Ms  Teff     L/Ls   g    R/Rs   Li/Li0    Mj     Mh     Mk
!-----------------------------------------------------------------------------------------------  
 0.070  2047.   -3.85  5.33  0.094   
 0.072  2109.   -3.79  5.34  0.095   
 0.075  2243.   -3.67  5.34  0.097   
 0.080  2400.   -3.51  5.33  0.102   
 0.090  2648.   -3.25  5.29  0.113   
 0.100  2810.   -3.06  5.25  0.124   
 0.110  2915.   -2.92  5.22  0.135   
 0.130  3045.   -2.73  5.17  0.156   
 0.150  3130.   -2.58  5.13  0.174   
 0.170  3191.   -2.46  5.10  0.192   
 0.200  3261.   -2.32  5.07  0.217   
 0.300  3415.   -1.99  4.99  0.291   
 0.400  3520.   -1.72  4.90  0.372   
 0.500  3680.   -1.46  4.81  0.460   
 0.600  3967.   -1.16  4.73  0.554   
 0.700  4387.   -0.87  4.67  0.637   
 0.800  4826.   -0.60  4.63  0.719   
 0.900  5220.   -0.35  4.57  0.816   
 1.000  5592.   -0.13  4.51  0.923   
 1.100  5916.    0.09  4.43  1.054   
 1.200  6187.    0.28  4.36  1.204   
 1.300  6438.    0.46  4.28  1.363   
 1.400  6684.    0.62  4.22  1.521   
!-----------------------------------------------------------------------------------------------
