!  t (Gyr) =   5.0000
!-----------------------------------------------------------------------------------------------
! M/Ms  Teff     L/Ls   g    R/Rs   Li/Li0    Mj     Mh     Mk
!----------------------------------------------------------------------------------------------- 
 0.080  2343.   -3.58  5.35  0.099  
 0.090  2644.   -3.25  5.29  0.113  
 0.100  2811.   -3.06  5.25  0.124  
 0.110  2916.   -2.92  5.22  0.135  
 0.130  3046.   -2.73  5.17  0.156  
 0.150  3131.   -2.58  5.13  0.175  
 0.170  3192.   -2.46  5.10  0.192  
 0.200  3262.   -2.32  5.06  0.218  
 0.300  3416.   -1.96  4.96  0.299  
 0.400  3521.   -1.71  4.89  0.377  
 0.500  3682.   -1.44  4.80  0.467  
 0.600  3984.   -1.15  4.72  0.562  
 0.700  4430.   -0.84  4.66  0.648  
 0.800  4896.   -0.55  4.60  0.742  
 0.900  5325.   -0.27  4.52  0.863  
 1.000  5732.    0.01  4.41  1.028  
 1.100  5971.    0.27  4.26  1.281  
!-----------------------------------------------------------------------------------------------
